// Arquivo que define as props do primeiro mapa
// A sequência de cada linha é: Tipo, X, Y, Interagível e Possui BBox
// onde x e y são a coluna e a linha, respectivamente, em relação ao mapa, de baixo para cima
// Tipos:
// 0 = grama (grass) 0 0
// 1 = parede (wall) 0 1
// 2 = moeda (coin) 1 1
// 3 = porta (door) 1 1
// 4 = árvore (tree) 0 1
// 5 = baú (chest) 1 1
// 6 = fogueira (campfire) 0 1
// 7 = cerca (fence) 0 1

// ========================================================================================================
// LEVEL 1
// ========================================================================================================

// Linha 1
4 1 0 0 1
4 1 1 0 1
0 1 2 0 0
0 1 4 0 0
4 1 5 0 1
0 1 6 0 0
4 1 7 0 1

// Linha 2
0 2 0 0 0
4 2 1 0 1
1 2 2 0 1
2 2 3 1 1
0 2 4 0 0
4 2 5 0 1
4 2 6 0 1
0 2 7 0 0
4 2 8 0 1
4 2 9 0 1
0 2 10 0 0

// Linha 3
0 3 0 0 0
4 3 1 0 1
0 3 2 0 0
4 3 3 0 1
0 3 4 0 0
2 3 5 1 1
0 3 6 0 0
4 3 7 0 1
4 3 8 0 1
4 3 10 0 1

// Linha 4
0 4 0 0 0
4 4 1 0 1
0 4 2 0 0
2 4 3 1 1
1 4 5 0 1
4 4 6 0 1
0 4 7 0 0
4 4 8 0 1
0 4 9 0 0
4 4 10 0 1

// Linha 5
0 5 0 0 0
4 5 1 0 1
4 5 2 0 1
0 5 3 0 0
0 5 4 0 0
0 5 6 0 0
2 5 9 1 1
4 5 10 0 1

// Linha 6
0 6 0 0 0
0 6 1 0 0
0 6 2 0 0
4 6 3 0 1
0 6 4 0 0
0 6 8 0 0
2 6 9 1 1
4 6 10 0 1

// Linha 7
4 7 0 0 1
0 7 1 0 0
4 7 2 0 1
0 7 3 0 0
0 7 7 0 0
4 7 8 0 1
2 7 9 1 1

// Linha 8
0 8 0 0 0
4 8 1 0 1
4 8 2 0 1
0 8 3 0 0
0 8 4 0 0
6 8 5 0 1
0 8 7 0 0
1 8 8 0 1
2 8 9 1 1
4 8 10 0 1

// Linha 9
0 9 0 0 0
1 9 1 0 1
0 9 2 0 0
4 9 3 0 1
0 9 4 0 0
0 9 6 0 0
0 9 7 0 0
4 9 8 0 1
2 9 9 1 1
1 9 10 0 1

// Linha 10
0 10 0 0 0
1 10 1 0 1
0 10 2 0 0
4 10 3 0 1
0 10 4 0 0
2 10 5 1 1
0 10 6 0 0
0 10 7 0 0
1 10 8 0 1
4 10 9 0 1
0 10 10 0 0

// Linha 11
0 11 0 0 0
1 11 1 0 1
0 11 2 0 0
4 11 3 0 1
0 11 4 0 0
0 11 6 0 0
0 11 7 0 0
4 11 0 1
2 11 9 1 1
1 11 10 0 1

// Linha 12
0 12 0 0 0
0 12 3 0 0
0 12 4 0 0
1 12 8 0 1
3 12 9 1 1
1 12 10 0 1

// Linha 13
0 13 0 0 0
1 13 1 0 1
0 13 2 0 0
4 13 3 0 1
0 13 4 0 0
4 13 5 0 1
0 13 6 0 0
0 13 7 0 0
1 13 8 0 1
2 13 9 1 1
1 13 10 0 1

// Linha 14
0 14 0 0 0
1 14 1 0 1
0 14 2 0 0
4 14 3 0 1
0 14 4 0 0
1 14 5 0 1
0 14 6 0 0
0 14 7 0 0
1 14 8 0 1
2 14 9 1 1
1 14 10 0 1

// Linha 15
0 15 0 0 0
0 15 3 0 0
0 15 4 0 0
1 15 5 0 1
0 15 6 0 0
0 15 7 0 0
1 15 8 1 1
1 15 9 0 1
1 15 10 0 1

// Linha 16
1 16 0 0 1
3 16 1 1 1
1 16 2 0 1
1 16 8 0 1

// Linha 17
1 17 0 0 1
2 17 1 1 1
1 17 2 0 1
1 17 3 0 1
1 17 4 0 1
0 17 5 0 0
4 17 6 0 1
0 17 7 0 0
5 17 10 1 1

// Linha 18
1 18 4 0 1
0 18 5 0 0
0 18 6 0 0
0 18 7 0 0
1 18 8 0 1
